---
toString
---
	a	b	c	d	e	f	g	h
a	0	0	0	0	1	-1	2	0
b	0	0	3	0	-2	0	0	-3
c	0	3	0	0	0	0	4	0
d	0	0	0	0	0	-4	5	0
e	1	-2	0	0	0	0	0	0
f	-1	0	0	-4	0	0	-5	6
g	2	0	4	5	0	-5	0	-6
h	0	-3	0	0	0	6	-6	0
---
unionFind
---
0	0	0	0	0	0	0	0	
3	6	1	7	0	4	5	2	
8	2	1	1	1	1	1	1	
1	1	1	1	1	1	1	1	
---
minSpanningTree
---
	a	b	c	d	e	f	g	h
a	0	0	0	0	0	-1	0	0
b	0	0	3	0	-2	0	0	-3
c	0	3	0	0	0	0	0	0
d	0	0	0	0	0	-4	0	0
e	0	-2	0	0	0	0	0	0
f	-1	0	0	-4	0	0	-5	0
g	0	0	0	0	0	-5	0	-6
h	0	-3	0	0	0	0	-6	0
---
colouring
---
b	g	
c	e	f	
a	d	h	
